0
0
0
0
0
0
0
0
0
0
10
10
10
10
10
10
10
10
0
0
0
0
0
0
0
0
0
0
0
0
0
0
0
0
0
0
0
0
0
0
0
0
0
0
0
0
0
0
0
0
12
12
12
12
12
12
12
0
0
0
0
0
0
0
0
0
0
0
0
0
0
0
0
0
0
0
0
0
0
0
0
0
0
0
0
0
0
0
0
0
0
0
0
0
0
0
0
0
0
0
0
0
0
0
0
0
0
0
0
1
0
0
0
0
0
0
0
0
0
0
0
0
0
7
7
7
7
7
0
1
0
0
0
0
0
0
0
0
0
16
0
0
0
0
0
0
14
14
14
17
14
14
14
14
14
14
0
0
0
16
0
0
3
0
0
0
0
0
0
1
0
0
0
0
0
0
0
0
0
16
0
0
3
0
0
0
0
0
0
1
8
0
0
0
0
0
0
0
0
16
0
0
3
0
0
0
0
0
0
0
8
0
0
0
0
2
0
0
0
16
6
0
3
0
0
11
0
0
0
0
8
0
0
0
0
0
2
0
0
16
6
0
3
0
0
11
0
0
0
0
8
0
0
0
0
0
0
2
0
16
6
0
0
0
0
11
0
0
0
0
8
0
0
0
0
0
0
0
2
16
6
0
0
0
0
11
5
0
0
0
8
0
0
0
0
0
0
0
0
16
6
0
0
0
13
11
5
0
0
0
0
0
0
0
0
0
0
0
0
0
6
0
9
9
22
11
5
0
0
4
4
4
4
4
0
0
0
0
0
0
0
0
0
0
13
0
5
0
15
15
15
15
15
15
15
15
15
15
15
0
0
0
0
0
13
0
5
0
0
0
0
0
0
0
0
0
0
0
0
0
0
0
0
0
0
0
0
0
0
0
0
0
0
0
0
0
0
0
0
0
